structure(list(PassengerId = 1:891, Survived = c(0L, 1L, 1L, 
1L, 0L, 0L, 0L, 0L, 1L, 1L, 1L, 1L, 0L, 0L, 0L, 1L, 0L, 1L, 0L, 
1L, 0L, 1L, 1L, 1L, 0L, 1L, 0L, 0L, 1L, 0L, 0L, 1L, 1L, 0L, 0L, 
0L, 1L, 0L, 0L, 1L, 0L, 0L, 0L, 1L, 1L, 0L, 0L, 1L, 0L, 0L, 0L, 
0L, 1L, 1L, 0L, 1L, 1L, 0L, 1L, 0L, 0L, 1L, 0L, 0L, 0L, 1L, 1L, 
0L, 1L, 0L, 0L, 0L, 0L, 0L, 1L, 0L, 0L, 0L, 1L, 1L, 0L, 1L, 1L, 
0L, 1L, 1L, 0L, 0L, 1L, 0L, 0L, 0L, 0L, 0L, 0L, 0L, 0L, 1L, 1L, 
0L, 0L, 0L, 0L, 0L, 0L, 0L, 1L, 1L, 0L, 1L, 0L, 0L, 0L, 0L, 0L, 
0L, 0L, 0L, 0L, 0L, 0L, 0L, 0L, 1L, 0L, 1L, 0L, 1L, 1L, 0L, 0L, 
0L, 0L, 1L, 0L, 0L, 1L, 0L, 0L, 0L, 0L, 1L, 1L, 0L, 0L, 0L, 1L, 
0L, 0L, 0L, 0L, 1L, 0L, 0L, 0L, 0L, 1L, 0L, 0L, 0L, 0L, 1L, 0L, 
0L, 0L, 1L, 1L, 0L, 0L, 0L, 0L, 0L, 1L, 0L, 0L, 0L, 0L, 0L, 0L, 
0L, 0L, 0L, 0L, 1L, 1L, 0L, 1L, 1L, 0L, 0L, 1L, 0L, 1L, 1L, 1L, 
1L, 0L, 0L, 1L, 0L, 0L, 0L, 0L, 0L, 1L, 0L, 0L, 1L, 1L, 1L, 0L, 
1L, 0L, 0L, 0L, 1L, 1L, 0L, 1L, 0L, 1L, 0L, 0L, 0L, 1L, 0L, 1L, 
0L, 0L, 0L, 1L, 0L, 0L, 1L, 0L, 0L, 0L, 1L, 0L, 0L, 0L, 1L, 0L, 
0L, 0L, 0L, 0L, 1L, 1L, 0L, 0L, 0L, 0L, 0L, 0L, 1L, 1L, 1L, 1L, 
1L, 0L, 1L, 0L, 0L, 0L, 0L, 0L, 1L, 1L, 1L, 0L, 1L, 1L, 0L, 1L, 
1L, 0L, 0L, 0L, 1L, 0L, 0L, 0L, 1L, 0L, 0L, 1L, 0L, 1L, 1L, 1L, 
1L, 0L, 0L, 0L, 0L, 0L, 0L, 1L, 1L, 1L, 1L, 0L, 1L, 0L, 1L, 1L, 
1L, 0L, 1L, 1L, 1L, 0L, 0L, 0L, 1L, 1L, 0L, 1L, 1L, 0L, 0L, 1L, 
1L, 0L, 1L, 0L, 1L, 1L, 1L, 1L, 0L, 0L, 0L, 1L, 0L, 0L, 1L, 1L, 
0L, 1L, 1L, 0L, 0L, 0L, 1L, 1L, 1L, 1L, 0L, 0L, 0L, 0L, 0L, 0L, 
0L, 1L, 0L, 1L, 1L, 0L, 0L, 0L, 0L, 0L, 0L, 1L, 1L, 1L, 1L, 1L, 
0L, 0L, 0L, 0L, 1L, 1L, 0L, 0L, 0L, 1L, 1L, 0L, 1L, 0L, 0L, 0L, 
1L, 0L, 1L, 1L, 1L, 0L, 1L, 1L, 0L, 0L, 0L, 0L, 1L, 1L, 0L, 0L, 
0L, 0L, 0L, 0L, 1L, 0L, 0L, 0L, 0L, 1L, 0L, 1L, 0L, 1L, 1L, 0L, 
0L, 0L, 0L, 0L, 0L, 0L, 0L, 1L, 1L, 0L, 1L, 1L, 1L, 1L, 0L, 0L, 
1L, 0L, 1L, 0L, 0L, 1L, 0L, 0L, 1L, 1L, 1L, 1L, 1L, 1L, 1L, 0L, 
0L, 0L, 1L, 0L, 1L, 0L, 1L, 1L, 0L, 1L, 0L, 0L, 0L, 0L, 0L, 0L, 
0L, 0L, 1L, 0L, 0L, 1L, 1L, 0L, 0L, 0L, 0L, 0L, 1L, 0L, 0L, 0L, 
1L, 1L, 0L, 1L, 0L, 0L, 1L, 0L, 0L, 0L, 0L, 0L, 0L, 1L, 0L, 0L, 
0L, 0L, 0L, 0L, 0L, 1L, 0L, 1L, 1L, 0L, 1L, 1L, 0L, 1L, 1L, 0L, 
0L, 1L, 0L, 1L, 0L, 1L, 0L, 0L, 1L, 0L, 0L, 1L, 0L, 0L, 0L, 1L, 
0L, 0L, 1L, 0L, 1L, 0L, 1L, 0L, 1L, 1L, 0L, 0L, 1L, 0L, 0L, 1L, 
1L, 0L, 1L, 1L, 0L, 0L, 1L, 1L, 0L, 1L, 0L, 1L, 1L, 0L, 0L, 0L, 
0L, 0L, 0L, 0L, 0L, 0L, 1L, 1L, 1L, 1L, 1L, 0L, 0L, 1L, 1L, 0L, 
1L, 1L, 1L, 0L, 0L, 0L, 1L, 0L, 1L, 0L, 0L, 0L, 1L, 0L, 0L, 0L, 
0L, 1L, 0L, 0L, 1L, 1L, 0L, 0L, 0L, 1L, 0L, 0L, 1L, 1L, 1L, 0L, 
0L, 1L, 0L, 0L, 1L, 0L, 0L, 1L, 0L, 0L, 1L, 1L, 0L, 0L, 0L, 0L, 
1L, 0L, 0L, 1L, 0L, 1L, 0L, 0L, 1L, 0L, 0L, 0L, 0L, 0L, 1L, 0L, 
1L, 1L, 1L, 0L, 1L, 0L, 1L, 0L, 1L, 0L, 1L, 0L, 0L, 0L, 0L, 0L, 
0L, 1L, 0L, 0L, 0L, 1L, 0L, 0L, 0L, 0L, 1L, 1L, 0L, 0L, 1L, 0L, 
0L, 0L, 1L, 0L, 1L, 0L, 1L, 0L, 0L, 0L, 0L, 0L, 0L, 0L, 1L, 1L, 
1L, 1L, 0L, 0L, 0L, 0L, 1L, 0L, 0L, 1L, 1L, 0L, 0L, 0L, 0L, 1L, 
1L, 1L, 1L, 1L, 0L, 1L, 0L, 0L, 0L, 1L, 1L, 0L, 0L, 1L, 0L, 0L, 
0L, 1L, 0L, 1L, 1L, 0L, 0L, 1L, 0L, 0L, 0L, 0L, 0L, 0L, 1L, 0L, 
0L, 1L, 0L, 1L, 0L, 1L, 0L, 0L, 1L, 0L, 0L, 1L, 1L, 0L, 0L, 1L, 
1L, 0L, 0L, 0L, 1L, 0L, 0L, 1L, 1L, 0L, 1L, 0L, 0L, 0L, 0L, 0L, 
0L, 0L, 0L, 1L, 0L, 0L, 1L, 0L, 1L, 1L, 1L, 0L, 0L, 0L, 0L, 1L, 
0L, 1L, 0L, 0L, 0L, 0L, 0L, 0L, 0L, 1L, 1L, 0L, 0L, 0L, 1L, 1L, 
1L, 1L, 0L, 0L, 0L, 0L, 1L, 0L, 0L, 0L, 0L, 0L, 0L, 0L, 0L, 0L, 
0L, 1L, 1L, 0L, 1L, 0L, 0L, 0L, 1L, 1L, 1L, 1L, 1L, 0L, 0L, 0L, 
1L, 0L, 0L, 1L, 1L, 0L, 0L, 1L, 0L, 0L, 0L, 0L, 0L, 0L, 1L, 0L, 
0L, 0L, 1L, 0L, 1L, 1L, 1L, 1L, 0L, 0L, 0L, 1L, 0L, 0L, 1L, 1L, 
0L, 0L, 1L, 0L, 1L, 0L, 0L, 1L, 1L, 0L, 0L, 0L, 1L, 1L, 0L, 0L, 
0L, 0L, 0L, 0L, 1L, 0L, 1L, 0L), Pclass = c(3L, 1L, 3L, 1L, 3L, 
3L, 1L, 3L, 3L, 2L, 3L, 1L, 3L, 3L, 3L, 2L, 3L, 2L, 3L, 3L, 2L, 
2L, 3L, 1L, 3L, 3L, 3L, 1L, 3L, 3L, 1L, 1L, 3L, 2L, 1L, 1L, 3L, 
3L, 3L, 3L, 3L, 2L, 3L, 2L, 3L, 3L, 3L, 3L, 3L, 3L, 3L, 3L, 1L, 
2L, 1L, 1L, 2L, 3L, 2L, 3L, 3L, 1L, 1L, 3L, 1L, 3L, 2L, 3L, 3L, 
3L, 2L, 3L, 2L, 3L, 3L, 3L, 3L, 3L, 2L, 3L, 3L, 3L, 3L, 1L, 2L, 
3L, 3L, 3L, 1L, 3L, 3L, 3L, 1L, 3L, 3L, 3L, 1L, 1L, 2L, 2L, 3L, 
3L, 1L, 3L, 3L, 3L, 3L, 3L, 3L, 3L, 1L, 3L, 3L, 3L, 3L, 3L, 3L, 
2L, 1L, 3L, 2L, 3L, 2L, 2L, 1L, 3L, 3L, 3L, 3L, 3L, 3L, 3L, 3L, 
2L, 2L, 2L, 1L, 1L, 3L, 1L, 3L, 3L, 3L, 3L, 2L, 2L, 3L, 3L, 2L, 
2L, 2L, 1L, 3L, 3L, 3L, 1L, 3L, 3L, 3L, 3L, 3L, 2L, 3L, 3L, 3L, 
3L, 1L, 3L, 1L, 3L, 1L, 3L, 3L, 3L, 1L, 3L, 3L, 1L, 2L, 3L, 3L, 
2L, 3L, 2L, 3L, 1L, 3L, 1L, 3L, 3L, 2L, 2L, 3L, 2L, 1L, 1L, 3L, 
3L, 3L, 2L, 3L, 3L, 3L, 3L, 3L, 3L, 3L, 3L, 3L, 1L, 3L, 2L, 3L, 
2L, 3L, 1L, 3L, 2L, 1L, 2L, 3L, 2L, 3L, 3L, 1L, 3L, 2L, 3L, 2L, 
3L, 1L, 3L, 2L, 3L, 2L, 3L, 2L, 2L, 2L, 2L, 3L, 3L, 2L, 3L, 3L, 
1L, 3L, 2L, 1L, 2L, 3L, 3L, 1L, 3L, 3L, 3L, 1L, 1L, 1L, 2L, 3L, 
3L, 1L, 1L, 3L, 2L, 3L, 3L, 1L, 1L, 1L, 3L, 2L, 1L, 3L, 1L, 3L, 
2L, 3L, 3L, 3L, 3L, 3L, 3L, 1L, 3L, 3L, 3L, 2L, 3L, 1L, 1L, 2L, 
3L, 3L, 1L, 3L, 1L, 1L, 1L, 3L, 3L, 3L, 2L, 3L, 1L, 1L, 1L, 2L, 
1L, 1L, 1L, 2L, 3L, 2L, 3L, 2L, 2L, 1L, 1L, 3L, 3L, 2L, 2L, 3L, 
1L, 3L, 2L, 3L, 1L, 3L, 1L, 1L, 3L, 1L, 3L, 1L, 1L, 3L, 1L, 2L, 
1L, 2L, 2L, 2L, 2L, 2L, 3L, 3L, 3L, 3L, 1L, 3L, 3L, 3L, 3L, 1L, 
2L, 3L, 3L, 3L, 2L, 3L, 3L, 3L, 3L, 1L, 3L, 3L, 1L, 1L, 3L, 3L, 
1L, 3L, 1L, 3L, 1L, 3L, 3L, 1L, 3L, 3L, 1L, 3L, 2L, 3L, 2L, 3L, 
2L, 1L, 3L, 3L, 1L, 3L, 3L, 3L, 2L, 2L, 2L, 3L, 3L, 3L, 3L, 3L, 
2L, 3L, 2L, 3L, 3L, 3L, 3L, 1L, 2L, 3L, 3L, 2L, 2L, 2L, 3L, 3L, 
3L, 3L, 3L, 3L, 3L, 2L, 2L, 3L, 3L, 1L, 3L, 2L, 3L, 1L, 1L, 3L, 
2L, 1L, 2L, 2L, 3L, 3L, 2L, 3L, 1L, 2L, 1L, 3L, 1L, 2L, 3L, 1L, 
1L, 3L, 3L, 1L, 1L, 2L, 3L, 1L, 3L, 1L, 2L, 3L, 3L, 2L, 1L, 3L, 
3L, 3L, 3L, 2L, 2L, 3L, 1L, 2L, 3L, 3L, 3L, 3L, 2L, 3L, 3L, 1L, 
3L, 1L, 1L, 3L, 3L, 3L, 3L, 1L, 1L, 3L, 3L, 1L, 3L, 1L, 3L, 3L, 
3L, 3L, 3L, 1L, 1L, 2L, 1L, 3L, 3L, 3L, 3L, 1L, 1L, 3L, 1L, 2L, 
3L, 2L, 3L, 1L, 3L, 3L, 1L, 3L, 3L, 2L, 1L, 3L, 2L, 2L, 3L, 3L, 
3L, 3L, 2L, 1L, 1L, 3L, 1L, 1L, 3L, 3L, 2L, 1L, 1L, 2L, 2L, 3L, 
2L, 1L, 2L, 3L, 3L, 3L, 1L, 1L, 1L, 1L, 3L, 3L, 3L, 2L, 3L, 3L, 
3L, 3L, 3L, 3L, 3L, 2L, 1L, 1L, 3L, 3L, 3L, 2L, 1L, 3L, 3L, 2L, 
1L, 2L, 1L, 3L, 1L, 2L, 1L, 3L, 3L, 3L, 1L, 3L, 3L, 2L, 3L, 2L, 
3L, 3L, 1L, 2L, 3L, 1L, 3L, 1L, 3L, 3L, 1L, 2L, 1L, 3L, 3L, 3L, 
3L, 3L, 2L, 3L, 3L, 2L, 2L, 3L, 1L, 3L, 3L, 3L, 1L, 2L, 1L, 3L, 
3L, 1L, 3L, 1L, 1L, 3L, 2L, 3L, 2L, 3L, 3L, 3L, 1L, 3L, 3L, 3L, 
1L, 3L, 1L, 3L, 3L, 3L, 2L, 3L, 3L, 3L, 2L, 3L, 3L, 2L, 1L, 1L, 
3L, 1L, 3L, 3L, 2L, 2L, 3L, 3L, 1L, 2L, 1L, 2L, 2L, 2L, 3L, 3L, 
3L, 3L, 1L, 3L, 1L, 3L, 3L, 2L, 2L, 3L, 3L, 3L, 1L, 1L, 3L, 3L, 
3L, 1L, 2L, 3L, 3L, 1L, 3L, 1L, 1L, 3L, 3L, 3L, 2L, 2L, 1L, 1L, 
3L, 1L, 1L, 1L, 3L, 2L, 3L, 1L, 2L, 3L, 3L, 2L, 3L, 2L, 2L, 1L, 
3L, 2L, 3L, 2L, 3L, 1L, 3L, 2L, 2L, 2L, 3L, 3L, 1L, 3L, 3L, 1L, 
1L, 1L, 3L, 3L, 1L, 3L, 2L, 1L, 3L, 2L, 3L, 3L, 3L, 2L, 2L, 3L, 
2L, 3L, 1L, 3L, 3L, 3L, 1L, 3L, 1L, 1L, 3L, 3L, 3L, 3L, 3L, 2L, 
3L, 2L, 3L, 3L, 3L, 3L, 1L, 3L, 1L, 1L, 3L, 3L, 3L, 3L, 3L, 3L, 
1L, 3L, 2L, 3L, 1L, 3L, 2L, 1L, 3L, 3L, 3L, 2L, 2L, 1L, 3L, 3L, 
3L, 1L, 3L, 2L, 1L, 3L, 3L, 2L, 3L, 3L, 1L, 3L, 2L, 3L, 3L, 1L, 
3L, 1L, 3L, 3L, 3L, 3L, 2L, 3L, 1L, 3L, 2L, 3L, 3L, 3L, 1L, 3L, 
3L, 3L, 1L, 3L, 2L, 1L, 3L, 3L, 3L, 3L, 3L, 2L, 1L, 3L, 3L, 3L, 
1L, 2L, 3L, 1L, 1L, 3L, 3L, 3L, 2L, 1L, 3L, 2L, 2L, 2L, 1L, 3L, 
3L, 3L, 1L, 1L, 3L, 2L, 3L, 3L, 3L, 3L, 1L, 2L, 3L, 3L, 2L, 3L, 
3L, 2L, 1L, 3L, 1L, 3L),